[1-8]
 0.995903 0.015184 -29.71 0.469270

 0.535760 0.014076 84.97 0.602160

 0.554469 0.005336 71.21 0.482506

 1.461881 0.868925 32.29 0.882459
 1.041349 0.175298 6.07 0.757317
 1.293058 0.230171 5.51 0.735691

 0.728724 0.026373 31.73 0.603721

 1.941125 2.665033 7.10 0.955843
 3.213110 9.231136 4.46 0.985917
 3.472802 10.631137 3.63 0.984112
 1.061915 0.256144 -5.99 0.803452
 1.243926 0.439846 -11.71 0.833968
 1.034037 0.038758 -27.63 0.565579

 0.633908 0.009645 -85.04 0.517962

 0.884558 0.014532 -46.69 0.489767
 1.016538 0.080485 -45.16 0.660591
 
[B1-B3]
1.723467 0.849943 7.59 0.834867
 1.480631 0.873573 -22.98 0.879743
 1.840153 1.340126 -22.73 0.878822
 2.210928 0.981445 -10.19 0.786679

] 1.090369 0.268103 26.26 0.802465
] 1.251999 0.570336 -21.75 0.867465
] 1.696841 0.535917 -3.42 0.776398

] 0.293258 0.049218 -31.20 0.928102
] 0.973024 0.068873 -10.87 0.651798
] 1.377391 0.898096 22.66 0.902875
] 1.255855 1.547552 -44.06 0.997627

[Up-Down]
] 2.320283 4.988952 4.81 0.990436
] 0.610009 0.281322 10.16 0.964464

] 2.035603 3.643507 0.22 0.983795
] 0.536950 0.178259 4.17 0.938282